2,2
0,1
2,3
31,3
0,9
0,278
0,273
0,276
0,272
0,271
0,270
0,275
0,12
0,10
0,8
0,0
0,268
0,267
0,266
0,265
0,264
0,263
0,262
0,261
0,260
0,259
0,258
0,257
0,256
0,255
0,254
0,253
0,252
0,251
0,250
0,249
0,248
0,247
0,246
0,245
0,244
0,242
0,241
0,240
0,239
0,238
0,237
0,236
0,235
0,234
0,233
0,232
0,231
0,230
0,229
0,228
0,227
0,226
0,225
0,224
0,223
0,222
0,221
0,220
0,219
0,218
0,217
0,216
0,215
0,214
0,213
0,212
0,211
0,210
0,209
0,208
0,207
0,206
0,205
0,311
0,204
0,310
0,203
0,202
0,309
0,308
0,201
0,307
0,306
0,200
0,305
0,304
0,199
0,303
0,302
0,198
0,301
0,197
0,300
0,196
0,299
0,195
0,298
0,194
0,297
0,193
0,296
0,192
0,295
0,63
0,294
0,62
0,293
0,61
0,292
0,60
0,291
0,59
0,290
0,58
0,289
0,57
0,288
0,56
0,287
0,55
0,286
0,54
0,285
0,53
0,284
0,52
0,440
0,51
0,315
0,282
0,50
0,313
0,281
0,49
0,312
0,280
0,48
0,314
0,279
0,47
0,277
0,46
0,274
0,45
0,439
0,411
0,410
0,438
0,409
0,437
0,408
0,407
0,436
0,406
0,435
0,405
0,434
0,404
0,430
0,403
0,429
0,402
0,428
0,401
0,433
0,400
0,427
0,399
0,426
0,398
0,397
0,425
0,396
0,424
0,395
0,423
0,394
0,422
0,393
0,392
0,421
0,391
0,420
0,390
0,419
0,389
0,418
0,388
0,432
0,387
0,417
0,385
0,416
0,384
0,415
0,319
0,414
0,318
0,431
0,317
0,413
0,316
0,412
0,283
0,269
0,6
0,5
0,11
0,4
0,2
0,3
0,7
